0 Vancouver 49.2500 -123.1333 1 2 3 4
1 Victoria 48.4222 -123.3657 0 2 4
2 Nanaimo 49.1642 -123.9364 0 1 3
3 Gibsons 49.4028 -123.5036 0 2
4 Seattle 47.6064 -122.3310 0 1 5 6
5 Portland 45.5200 -122.6819 4 6
6 Denver 39.7392 -104.9903 4 5 7
7 Chicago 41.8369 -87.6847 6 8 9
8 Boston 42.3601 -71.0589 7 11 12 13 14
9 Washington?DC 38.9047 -77.0164 7 10
10 Philadelphia 39.9500 -75.1667 9 11
11 New?York?City 40.7127 -74.0059 8 10 14
12 Toronto 43.7000 -79.4000 8 13
13 Montreal 45.5017 -73.5673 8 12 14 15 16 17 18
14 Halifax 44.6478 -63.5714 8 11 13 19 20
15 Sherbrooke 45.4000 -71.9000 13 16
16 Quebec?City 46.8167 -71.2167 13 15 17
17 Victoriaville 46.0500 -71.9667 13 15 16
18 Tremblant 46.1167 -74.6000 13
19 Paris 48.8567 2.3508 14 20
20 London 51.5072 -0.1275 14 19 21 22 23 24
21 Croydon 51.3727 -0.1099 20 22
22 Luton 51.9000 -0.4333 20 21 23
23 Oxford 51.7519 -1.2578 20 22 24
24 Reading 51.4542 -0.9731 20 23